function output = phcp_linewidth

output.subj = {'P1010013'
'P1010023'
'P1010103'
'P1010143'
'P1010053'
'P1010183'
'P1010098'
'P1010133'
'P1010228'
'P1010242'
'P6003551'
'P6004031'
'P1010213'
'P6000631'
'P1007601'
'P1006912'
'P1010063'
'P1005782'
'P6003691'
'P6003992'
'P1010299'
'P1010269'
'P1010309'
'P1010283'
'P6003762'
'P1010083'
'P6002901'
'P3104042'
'P6004604'
'P1010163'
'P1010153'
'P6003961'
'P6004202'
'P1010283'
'P1010319'
'P5204604'
'P1010213'
'P6003691'
'P1010228'
'P6001501'
'P5104604'
'P6002901'
'P3104663'
'P6004604'
'P6004202'
'P1010103'
'P6010322'
'P1010299'
'P6004654'
'P6004777'
'P6004687'
'P6001501'
'P6004777'
'P1007451'
'P1005782'
'P2104777'
'P6004071'
'P1010098'
'P6004654'
'P6010322'
'P1010098'
'P6010465'
'P6004231'
'P6010622'
'P6004663'
'P6004737'
'P6010671'
'P4100631'
'P6004654'
'P6010363'
'P2110465'
'P6010616'
'P1010422'
'P6010417'
'P2110417'
'P6010445'
'P6010731'
'P6010465'
'P6010526'
'P6010451'
'P6004623'
'P2110686'
'P6004002'
'P6004231'
'P6004777'
'P6004213'
'P6010622'
'P1010407'
'P6004071'
'P6010656'
'P6010417'
'P2110451'
'P6010731'
'P2204002'
'P6010363'
'P6010956'
'P1006397'
'P4110363'
'P3110387'
'P4104604'
'P3110692'
'P6004213'
'P6011061'
'P6010632'
'P4104647'
'P6010932'
'P6002476'
'P6010926'
'P6010983'
'P6010451'
'P3110962'
'P6010451'
'P6010378'
'P4102082'
'P6011098'
'P3102476'
'P6010956'
'P6010671'
'P3111176'
'P3111367'
'P1011139'
'P1011129'
'P2210883'
'P6004002'
'P3111247'
'P1011033'
'P3103971'
'P1010859'
'P3200755'
'P6002476'
'P1011399'
'P1015038'
'P1011169'
'P1006162'
'P1010083'
'P1010309'
'P2204172'
'P3111282'
'P1011532'
'P2111367'
'P6011071'
'P6011566'
'P4111777'
'P1010133'
'P6011637'
'P6011011'
'P6011747'
'P3400685'
'P6011787'
'P6011227'
'P3104172'
'P6012127'};

output.session_letter = {'A'
'A'
'A'
'A'
'A'
'A'
'A'
'A'
'A'
'A'
'A'
'A'
'A'
'A'
'A'
'A'
'A'
'A'
'A'
'A'
'A'
'A'
'A'
'A'
'A'
'A'
'A'
'B'
'B'
'B'
'B'
'B'
'B'
'B'
'B'
'B'
'B'
'Z'
'B'
'B'
'B'
'Z'
'B'
'Z'
'Z'
'B'
'B'
'B'
'B'
'B'
'B'
'Z'
'B'
'B'
'B'
'B'
'B'
'B'
'Z'
'Z'
'B'
'B'
'B'
'B'
'B'
'B'
'B'
'B'
'Z'
'B'
'B'
'B'
'B'
'B'
'B'
'B'
'B'
'Z'
'B'
'B'
'B'
'B'
'B'
'Z'
'Z'
'B'
'Z'
'B'
'Z'
'B'
'Z'
'B'
'Z'
'B'
'Z'
'B'
'B'
'B'
'B'
'B'
'B'
'Z'
'B'
'B'
'B'
'B'
'B'
'B'
'B'
'Z'
'B'
'Z'
'B'
'B'
'B'
'B'
'Z'
'Z'
'B'
'B'
'B'
'B'
'B'
'Z'
'B'
'B'
'B'
'B'
'B'
'Z'
'B'
'B'
'B'
'B'
'B'
'B'
'B'
'B'
'B'
'B'
'B'
'B'
'B'
'B'
'B'
'B'
'B'
'B'
'B'
'B'
'B'
'B'};

output.linewidth = [55
38.1
60
38
50.1
51.7
78.2
69.5
61.6
67.5
38
38.5
63.7
49.6
NaN
61.8
48.8
65
39.8
64.1
NaN
NaN
70.9
59
56
44
59.9
62
63
57.5
57.3
NaN
54.8
64
57.2
73.6
46
54.2
61.4
60.2
49
53.8
53.7
48.3
NaN
80
52
76
59
68.3
NaN
35.5
58
51
51.3
53
52
59
NaN
NaN
74
56
67
NaN
50
44.4
NaN
53
61.6
68
73
53
NaN
55
50
55
51
55
56
46
43
47
55
60
NaN
38
NaN
57
51
67
65
57
80
42
55
74
54
61.3
59
63
53.2
59
NaN
47
65
65
43
70
NaN
63
NaN
37
62
74
70
73
NaN
87
63
NaN
42
64
56
56.5
82
60
60
88
110
57
57
50
39
34
33
60
45
53
34
NaN
46
33
45
54
66
37
62
41.5
38
46
48
NaN];

end

